5381102477
3181585290
3627673762
5123731383
5100840601
5658562591
2646398514
3659578367
5264326278
3043127425
2373322683
2037262215
2746935825
68515752
1800861161
3552224645
3612465571
3962625919
5551056796
1015304350
3787420090
2714367517
2943622927
3741151061
2476951495
2262543672
2007430077
5329688952
1726680721
3089806691
1926154822
5449783499
2715860181
5140850993
2912783485
1778936562
2284388442
2877414470
2787004772
2160544622
3143674785
2883865160
3579585500
2774945763
5172022460
1763062181
1971368633
3874282906
2318768342
1895954923
3138407975
1692062222
1785925944
2210607752
2160751155
3194728131
2353714251
2675202892
2778515791
3182321262
2263173014
2733782875
2449061593
3558703125
3295034151
3850725608
1251635460
3822198964
1801118131
2765255437
2746471705
2274186181
2902834730
3192692455
5310594613
1598594054
1803520477
5703572939
5611366834
2531737521
1526245794
1411736043
3926272397
3456929194
3043241305
1877470491
2109820320
1135545375
5699755970
2117017662
3046205660
2885403294
3342706970
1210809165
3263921614
2647843807
3192791995
5468493123
1239935397
3490764500
1686785880
1784791115
1236267880
1928460277
2489506191
1897513210
2344193820
1915143475
3091168950
1359282693
3937694893
2816277500
2900320793
2508156503
1635208340
2046405041
1278848347
3739790460
5675346611
2452292402
1995234631
1660774580
3686316531
2133573905
2141925284
5448011932
1767425137
2121207974
5155920614
1416452394
3960378592
5487705002
1915131641
5582229370
5173315545
2194929252
1101527924
3157852192
3261913271
1407462075
5519315484
1851873427
5042219424
3991616831
2639038110
3295466902
5708157134
5538012412
1863116931
2141632440
5701965734
5689793525
3738021880
5182976902
2043280800
3294177473
2837656672
3968481728
3762274180
5604939255
2405769601
3577747280
2158356937
2667755412
5187389693
2508505961
5623362266
5605345096
5601828876
5603341383
3895913304
5611705147
5053556838
5202445059
5317899551
5251214870
2212198815
2559608382
3251655077
3934577240
3744548262
3787521537
2649891827
1912567324
5592376762
5502991289
2945275625
5582241200
5575443380
3889026554
5562306794
2102267314
2407748082
5063176150
2602358737
3760110793
3757067303
3353359792
3989896160
3150433010
2071234861
3141079521
5306784457
3877777911
5138267227
5284181265
3851544753
2181622405
3914521710
5040864372
2514662581
2684986807
5057088595
3959478880
5089311177
5082861520
2165577280
1809046071
